function jImage = localVarIcon()
 I = uint8(...
   [   46   45   43   52   42   51    3   40   49   38   37   34    2   31   28  166;
   54   86   84  163   82   79   77   49   73  148  144  141  136  131   27  166;
   53   85  164   81  159   78   76   38  148  143  141  136  131   60   26  165;
   44  164  162   80  156   76  152   37  145   68   64  131  126  119   25  165;
    4   83  160  157   76   74  149   35   66   65  132  126  120  114   24  165;
   41  161  157  155  153  149   71   33  137  133  127  122  113  109   10  165;
    3  158   75  153  149  146   67   30  133   61  121   58   57   56    9  165;
   50   39   38   36   34   33   30   13   27   26   25   11   23   22    8  165;
   39  154  150   72   69  138   62   27  123  115  111  106  101   97   19  165;
   38  151   72   70  139  134  129   26  116  111  105  101   98   95   18  165;
   48  147  142  140   62  128  124   25  110  107  103   98   93   91    5  165;
   47  144  139   63  129  125  117   11  108  104   98   94   91   89   16  165;
   32  140   63  130  125  117  112   23  102   99   55   92   90   87   14  165;
   30  135  131   59  118  112  108   22  100   96   92   88   87   87   14  165;
   29   27   12   25   11   23   21   20    7    6   17   15   14   14   14  165;
  166  165  165  165  165  165  165  165  165  165  165  165  165  165  165  165]);
 map = ...
  [ 
         0         0         0;
    1.0000    1.0000    1.0000;
    0.1059    0.2667    0.2706;
    0.1569    0.3020    0.3059;
    0.1686    0.3098    0.3137;
    0.0078    0.2039    0.2078;
    0.0118    0.2078    0.2118;
    0.0196    0.2118    0.2157;
    0.0275    0.2157    0.2196;
    0.0353    0.2196    0.2235;
    0.0431    0.2275    0.2314;
    0.0510    0.2314    0.2353;
    0.0667    0.2431    0.2471;
    0.0902    0.2549    0.2588;
         0    0.2000    0.2000;
    0.0039    0.2039    0.2000;
    0.0039    0.2039    0.2039;
    0.0078    0.2078    0.2039;
    0.0118    0.2118    0.2078;
    0.0196    0.2118    0.2118;
    0.0275    0.2196    0.2157;
    0.0353    0.2235    0.2196;
    0.0353    0.2235    0.2235;
    0.0431    0.2275    0.2275;
    0.0510    0.2353    0.2353;
    0.0588    0.2392    0.2392;
    0.0667    0.2431    0.2431;
    0.0784    0.2510    0.2510;
    0.0863    0.2549    0.2549;
    0.0902    0.2588    0.2588;
    0.0941    0.2627    0.2627;
    0.0980    0.2627    0.2627;
    0.1059    0.2706    0.2706;
    0.1059    0.2667    0.2667;
    0.1137    0.2745    0.2745;
    0.1176    0.2745    0.2745;
    0.1216    0.2784    0.2784;
    0.1255    0.2824    0.2824;
    0.1333    0.2863    0.2863;
    0.1412    0.2941    0.2941;
    0.1490    0.2941    0.2941;
    0.1647    0.3059    0.3059;
    0.1725    0.3137    0.3137;
    0.1804    0.3216    0.3216;
    0.1804    0.3137    0.3137;
    0.1882    0.3216    0.3216;
    0.1922    0.3255    0.3255;
    0.1176    0.2784    0.2745;
    0.1255    0.2824    0.2784;
    0.1412    0.2941    0.2902;
    0.1490    0.2980    0.2941;
    0.1647    0.3098    0.3059;
    0.1804    0.3176    0.3137;
    0.1843    0.3216    0.3176;
    0.1882    0.3255    0.3216;
    0.9451    0.8667    0.2235;
    0.9490    0.8745    0.2667;
    0.9490    0.8784    0.2863;
    0.9529    0.8824    0.3059;
    0.9529    0.8863    0.3373;
    0.9569    0.8902    0.3412;
    0.9569    0.8902    0.3451;
    0.9569    0.8941    0.3725;
    0.9569    0.8941    0.3765;
    0.9569    0.8980    0.3843;
    0.9569    0.8980    0.3882;
    0.9608    0.9020    0.4078;
    0.9608    0.9020    0.4118;
    0.9569    0.9020    0.4078;
    0.9608    0.9020    0.4157;
    0.9608    0.9020    0.4196;
    0.9608    0.9059    0.4314;
    0.9608    0.9059    0.4353;
    0.9647    0.9137    0.4667;
    0.9647    0.9137    0.4706;
    0.9686    0.9176    0.4941;
    0.9647    0.9137    0.4902;
    0.9686    0.9176    0.5020;
    0.9647    0.9176    0.5059;
    0.9686    0.9216    0.5216;
    0.9686    0.9216    0.5255;
    0.9686    0.9216    0.5373;
    0.9686    0.9255    0.5373;
    0.9686    0.9255    0.5412;
    0.9725    0.9294    0.5647;
    0.9686    0.9255    0.5647;
    0.9725    0.9294    0.5725;
    0.9451    0.8588    0.1882;
    0.9490    0.8627    0.2000;
    0.9451    0.8588    0.1961;
    0.9451    0.8588    0.2000;
    0.9451    0.8627    0.2078;
    0.9451    0.8627    0.2118;
    0.9490    0.8627    0.2196;
    0.9490    0.8667    0.2196;
    0.9451    0.8627    0.2235;
    0.9490    0.8667    0.2275;
    0.9490    0.8667    0.2314;
    0.9490    0.8667    0.2353;
    0.9490    0.8706    0.2392;
    0.9490    0.8706    0.2431;
    0.9490    0.8706    0.2510;
    0.9529    0.8706    0.2549;
    0.9490    0.8706    0.2549;
    0.9490    0.8706    0.2588;
    0.9529    0.8706    0.2706;
    0.9529    0.8745    0.2706;
    0.9490    0.8745    0.2706;
    0.9490    0.8745    0.2745;
    0.9529    0.8784    0.2824;
    0.9529    0.8745    0.2902;
    0.9529    0.8784    0.2902;
    0.9529    0.8784    0.2941;
    0.9569    0.8824    0.3020;
    0.9529    0.8784    0.3020;
    0.9529    0.8784    0.3059;
    0.9529    0.8784    0.3098;
    0.9529    0.8824    0.3137;
    0.9529    0.8824    0.3176;
    0.9569    0.8863    0.3216;
    0.9529    0.8824    0.3216;
    0.9569    0.8824    0.3255;
    0.9529    0.8824    0.3255;
    0.9569    0.8863    0.3294;
    0.9529    0.8824    0.3333;
    0.9569    0.8863    0.3373;
    0.9569    0.8863    0.3412;
    0.9569    0.8863    0.3451;
    0.9569    0.8863    0.3529;
    0.9569    0.8902    0.3529;
    0.9569    0.8863    0.3569;
    0.9569    0.8902    0.3608;
    0.9569    0.8902    0.3647;
    0.9569    0.8902    0.3686;
    0.9608    0.8941    0.3725;
    0.9608    0.8941    0.3843;
    0.9569    0.8941    0.3843;
    0.9608    0.8941    0.3882;
    0.9608    0.8980    0.3922;
    0.9608    0.8980    0.3961;
    0.9608    0.8980    0.4000;
    0.9608    0.8980    0.4039;
    0.9608    0.8980    0.4196;
    0.9647    0.9020    0.4235;
    0.9608    0.9020    0.4235;
    0.9608    0.9020    0.4275;
    0.9608    0.9020    0.4353;
    0.9647    0.9059    0.4392;
    0.9647    0.9059    0.4471;
    0.9647    0.9059    0.4510;
    0.9647    0.9059    0.4549;
    0.9647    0.9059    0.4588;
    0.9647    0.9098    0.4706;
    0.9647    0.9098    0.4745;
    0.9647    0.9098    0.4784;
    0.9686    0.9137    0.4941;
    0.9686    0.9176    0.5059;
    0.9686    0.9176    0.5098;
    0.9686    0.9176    0.5137;
    0.9686    0.9176    0.5216;
    0.9686    0.9176    0.5255;
    0.9686    0.9176    0.5294;
    0.9725    0.9216    0.5373;
    0.9725    0.9255    0.5490;
    0.9725    0.9255    0.5529;
    0.6000    0.6000    0.6000;
    1.0000         0    1.0000;
         0         0         0;
         0         0         0;
         0         0         0;
         0         0         0;
         0         0         0;
         0         0         0;
         0         0         0;
         0         0         0;
         0         0         0;
         0         0         0;
         0         0         0;
         0         0         0;
         0         0         0;
         0         0         0;
         0         0         0;
         0         0         0;
         0         0         0;
         0         0         0;
         0         0         0;
         0         0         0;
         0         0         0;
         0         0         0;
         0         0         0;
         0         0         0;
         0         0         0;
         0         0         0;
         0         0         0;
         0         0         0;
         0         0         0;
         0         0         0;
         0         0         0;
         0         0         0;
         0         0         0;
         0         0         0;
         0         0         0;
         0         0         0;
         0         0         0;
         0         0         0;
         0         0         0;
