function jImage = partialCheckIcon()
I = uint8(...
    [    0   16   32   48   64   80   96  112  128  144  160  176  192  208  224  240;
    1   17   33   49   65   81   97  113  129  145  161  177  193  209  225  241;
    2   18   34   50   66   82   98  114  130  146  162  178  194  210  226  242;
    3   19   35   51   67   83   99  115  131  147  163  179  195  211  227  243;
    4   20   36   52   68   84  100  116  132  148  164  180  196  212  228  244;
    5   21   37   53   69   85  101  117  133  149  165  181  197  213  229  245;
    6   22   38   54   70   86  102  118  134  150  166  182  198  214  230  246;
    7   23   39   55   71   87  103  119  135  151  167  183  199  215  231  247;
    8   24   40   56   72   88  104  120  136  152  168  184  200  216  232  248;
    9   25   41   57   73   89  105  121  137  153  169  185  201  217  233  249;
   10   26   42   58   74   90  106  122  138  154  170  186  202  218  234  250;
   11   27   43   59   75   91  107  123  139  155  171  187  203  219  235  251;
   12   28   44   60   76   92  108  124  140  156  172  188  204  220  236  252;
   13   29   45   61   77   93  109  125  141  157  173  189  205  221  237  253;
   14   30   46   62   78   94  110  126  142  158  174  190  206  222  238  254;
   15   31   47   63   79   95  111  127  143  159  175  191  207  223  239  255]);
 map = [    0.9961    0.9412    1.0000;
    0.0941         0    0.0510;
    0.0392         0    0.0275;
    0.0039         0    0.0196;
         0    0.0431    0.0275;
         0    0.0275         0;
         0    0.0275         0;
    0.0078    0.0353    0.0078;
    0.0392    0.0196    0.0078;
    0.0784         0    0.0078;
    0.0706         0         0;
    0.1176    0.0118    0.0471;
    0.0588         0    0.0196;
    0.0235         0    0.0078;
    0.0157    0.0157    0.0471;
    0.9490    0.9765    1.0000;
    1.0000    1.0000    1.0000;
    0.1059         0    0.0745;
    0.0706    0.0196    0.0588;
    0.0118    0.0078    0.0275;
         0    0.0157         0;
    0.0039    0.0706    0.0314;
         0    0.0353         0;
         0    0.0157         0;
         0    0.0078         0;
    0.0235         0         0;
    0.0745    0.0196    0.0157;
    0.0745    0.0196    0.0196;
    0.0314         0         0;
    0.0196    0.0039    0.0078;
    0.0196    0.0157    0.0392;
    0.5098    0.5216    0.5490;
    1.0000    0.9725    1.0000;
    0.0235         0    0.0235;
    0.0549    0.0353    0.0588;
    1.0000    1.0000    1.0000;
    1.0000    1.0000    1.0000;
    1.0000    1.0000    1.0000;
    1.0000    1.0000    0.9922;
    1.0000    1.0000    1.0000;
    1.0000    1.0000    1.0000;
    1.0000    1.0000    1.0000;
    1.0000    1.0000    1.0000;
    1.0000    1.0000    1.0000;
    1.0000    1.0000    1.0000;
    0.0196    0.0196    0.0118;
    0.0039         0    0.0196;
    0.5294    0.5216    0.5412;
    0.9686    0.9804    1.0000;
    0.0078    0.0118    0.0196;
         0         0         0;
    1.0000    1.0000    1.0000;
    0.1294    0.3647    0.1529;
    0.1294    0.3647    0.1529;
    0.1294    0.3686    0.1451;
    0.1294    0.3647    0.1529;
    0.1333    0.3686    0.1569;
    0.1294    0.3647    0.1529;
    0.1294    0.3647    0.1529;
    0.1255    0.3725    0.1569;
    1.0000    1.0000    1.0000;
    0.0471    0.0667    0.0392;
    0.0157         0         0;
    0.5216    0.4745    0.4902;
    0.9569    1.0000    1.0000;
         0    0.0471    0.0471;
         0    0.0078         0;
    1.0000    1.0000    1.0000;
    0.1294    0.3647    0.1529;
    0.1294    0.3647    0.1529;
    0.1294    0.3647    0.1529;
    0.1294    0.3647    0.1529;
    0.1294    0.3647    0.1529;
    0.1216    0.3686    0.1529;
    0.1294    0.3647    0.1529;
    0.1294    0.3647    0.1529;
    1.0000    1.0000    1.0000;
         0    0.0196         0;
    0.0510    0.0196    0.0078;
    0.5569    0.4824    0.4902;
    0.9451    1.0000    1.0000;
         0    0.0157    0.0196;
         0    0.0353    0.0157;
    1.0000    0.9961    1.0000;
    0.1294    0.3647    0.1529;
    0.1294    0.3647    0.1529;
    0.1333    0.3647    0.1529;
    0.1333    0.3725    0.1490;
    0.1294    0.3647    0.1529;
    0.1294    0.3647    0.1529;
    0.1294    0.3647    0.1529;
    0.1294    0.3647    0.1529;
    1.0000    1.0000    1.0000;
         0    0.0275         0;
    0.0314    0.0118         0;
    0.5922    0.5176    0.5255;
    0.9686    1.0000    1.0000;
         0    0.0118    0.0235;
    0.0118    0.0353    0.0275;
    1.0000    1.0000    1.0000;
    0.1294    0.3647    0.1529;
    0.1294    0.3647    0.1529;
    0.1294    0.3647    0.1529;
    0.1294    0.3647    0.1529;
    0.1294    0.3647    0.1529;
    0.1294    0.3647    0.1529;
    0.1294    0.3647    0.1529;
    0.1294    0.3647    0.1529;
    0.9961    1.0000    1.0000;
         0    0.0392    0.0039;
    0.0118    0.0078         0;
    0.4941    0.4471    0.4549;
    0.9608    0.9529    1.0000;
    0.0549    0.0510    0.0824;
         0    0.0039    0.0118;
    1.0000    1.0000    1.0000;
    0.1294    0.3647    0.1529;
    0.1294    0.3647    0.1529;
    0.1294    0.3647    0.1529;
    0.1294    0.3647    0.1529;
    0.1294    0.3647    0.1529;
    0.1294    0.3647    0.1529;
    0.1294    0.3647    0.1529;
    0.1294    0.3647    0.1529;
    1.0000    1.0000    1.0000;
         0    0.0157         0;
    0.0039    0.0039    0.0039;
    0.5490    0.5216    0.5490;
    1.0000    0.9725    1.0000;
    0.0275         0    0.0275;
    0.0627    0.0627    0.0706;
    1.0000    1.0000    1.0000;
    0.1294    0.3647    0.1529;
    0.1294    0.3647    0.1529;
    0.1294    0.3647    0.1529;
    0.1294    0.3647    0.1529;
    0.1294    0.3647    0.1529;
    0.1216    0.3686    0.1529;
    0.1294    0.3647    0.1529;
    0.1294    0.3647    0.1529;
    1.0000    1.0000    1.0000;
    0.0745    0.0980    0.0902;
         0    0.0039    0.0196;
    0.4863    0.4863    0.5176;
    1.0000    0.9608    0.9961;
    0.0431         0    0.0235;
         0         0    0.0078;
    1.0000    1.0000    1.0000;
    0.1333    0.3647    0.1529;
    0.1294    0.3647    0.1529;
    0.1294    0.3647    0.1529;
    0.1294    0.3647    0.1529;
    0.1294    0.3647    0.1529;
    0.1294    0.3647    0.1529;
    0.1294    0.3647    0.1529;
    0.1294    0.3647    0.1529;
    1.0000    1.0000    1.0000;
         0         0    0.0157;
         0    0.0039    0.0235;
    0.5412    0.5725    0.6157;
    1.0000    0.9490    0.9882;
    0.0431    0.0039    0.0078;
    0.0118    0.0314    0.0157;
    1.0000    1.0000    1.0000;
    0.1255    0.3608    0.1490;
    0.1216    0.3686    0.1451;
    0.1294    0.3647    0.1529;
    0.1294    0.3647    0.1608;
    0.1176    0.3647    0.1490;
    0.1294    0.3647    0.1608
    0.1294    0.3647    0.1529;
    0.1294    0.3647    0.1529;
    1.0000    1.0000    1.0000;
         0         0    0.0157;
    0.0196    0.0471    0.0784;
    0.4000    0.4510    0.4824
    1.0000    0.9765    0.9647;
    0.0471    0.0353    0.0078;
         0    0.0157         0;
    1.0000    1.0000    1.0000;
    1.0000    1.0000    1.0000;
    1.0000    1.0000    1.0000;
    1.0000    1.0000    1.0000;
    1.0000    1.0000    1.0000;
    1.0000    1.0000    1.0000;
    1.0000    1.0000    1.0000;
    1.0000    1.0000    1.0000;
    1.0000    1.0000    1.0000;
    1.0000    1.0000    1.0000;
    0.0118         0    0.0275;
         0    0.0039    0.0235;
    0.4667    0.5098    0.5255;
    0.9882    1.0000    0.9647;
         0    0.0431         0;
         0    0.0431    0.0275;
         0    0.0941         0;
    0.0078    0.0353    0.0039;
    0.0078    0.0627    0.0118;
    0.0078    0.0588    0.0235;
         0    0.0078    0.0039;
    0.0392    0.0196    0.0353;
    0.0745    0.0118    0.0510;
    0.0431         0    0.0157;
    0.0431         0    0.0157;
    0.1020    0.0510    0.0902;
    0.0078         0    0.0118;
    0.0275    0.0314    0.0471;
