function jImage = structureIcon()
 I = uint8(...
   [    0    0    0    0    0    0    0    0    0    0    0    0    0    0    0;
    0  239  239  239  239  239  239  239  239  239  239  239  239  239    0;
    0  239  239  239  239    0    0    0    0    0    0  239  239  239    0;
    0  239  239  239  239    0  239  239  239  239  239  239  239  239    0;
    0  239  239  239  239    0    0    0    0    0    0  239  239  239    0;
    0  239  239  239  239    0  239  239  239  239  239  239  239  239    0;
    0  239    0    0    0    0    0    0    0    0    0  239  239  239    0;
    0  239  239  239  239    0  239  239  239  239  239  239  239  239    0;
    0  239  239  239  239    0    0    0    0    0    0  239  239  239    0;
    0  239  239  239  239    0  239  239  239  239  239  239  239  239    0;
    0  239  239  239  239    0    0    0    0    0    0  239  239  239    0;
    0  239  239  239  239  239  239  239  239  239  239  239  239  239    0;
    0    0    0    0    0    0    0    0    0    0    0    0    0    0    0]);
 map = ...
  [ 
         0         0         0;
    0.5020         0         0;
         0    0.5020         0;
    0.5020    0.5020         0;
         0         0    0.5020;
    0.5020         0    0.5020;
         0    0.5020    0.5020;
    0.5020    0.5020    0.5020;
    0.7529    0.7529    0.7529;
    1.0000         0         0;
         0    1.0000         0;
    1.0000    1.0000         0;
         0         0    1.0000;
    1.0000         0    1.0000;
         0    1.0000    1.0000;
    1.0000    1.0000    1.0000;
         0         0         0;
         0         0         0;
         0         0         0;
         0         0         0;
         0         0         0;
         0         0         0;
         0         0         0;
         0         0         0;
         0         0         0;
         0         0         0;
         0         0         0;
         0         0         0;
         0         0         0;
         0         0         0;
         0         0         0;
         0         0         0;
         0         0         0;
         0         0         0;
         0         0         0;
         0         0         0;
         0         0         0;
         0         0         0;
         0         0         0;
         0         0         0;
         0         0         0;
         0         0    0.2000;
         0         0    0.4000;
         0         0    0.6000;
         0         0    0.8000;
         0         0    1.0000;
         0    0.2000         0;
         0    0.2000    0.2000;
         0    0.2000    0.4000;
         0    0.2000    0.6000;
         0    0.2000    0.8000;
         0    0.2000    1.0000;
         0    0.4000         0;
         0    0.4000    0.2000;
         0    0.4000    0.4000;
         0    0.4000    0.6000;
         0    0.4000    0.8000;
         0    0.4000    1.0000;
         0    0.6000         0;
         0    0.6000    0.2000;
         0    0.6000    0.4000;
         0    0.6000    0.6000;
         0    0.6000    0.8000;
         0    0.6000    1.0000;
         0    0.8000         0;
         0    0.8000    0.2000;
         0    0.8000    0.4000;
         0    0.8000    0.6000;
         0    0.8000    0.8000;
         0    0.8000    1.0000;
         0    1.0000         0;
         0    1.0000    0.2000;
         0    1.0000    0.4000;
         0    1.0000    0.6000;
         0    1.0000    0.8000;
         0    1.0000    1.0000;
    0.2000         0         0;
    0.2000         0    0.2000;
    0.2000         0    0.4000;
    0.2000         0    0.6000;
    0.2000         0    0.8000;
    0.2000         0    1.0000;
    0.2000    0.2000         0;
    0.2000    0.2000    0.2000;
    0.2000    0.2000    0.4000;
    0.2000    0.2000    0.6000;
    0.2000    0.2000    0.8000;
    0.2000    0.2000    1.0000;
    0.2000    0.4000         0;
    0.2000    0.4000    0.2000;
    0.2000    0.4000    0.4000;
    0.2000    0.4000    0.6000;
    0.2000    0.4000    0.8000;
    0.2000    0.4000    1.0000;
    0.2000    0.6000         0;
    0.2000    0.6000    0.2000;
    0.2000    0.6000    0.4000;
    0.2000    0.6000    0.6000;
    0.2000    0.6000    0.8000;
    0.2000    0.6000    1.0000;
    0.2000    0.8000         0;
    0.2000    0.8000    0.2000;
    0.2000    0.8000    0.4000;
    0.2000    0.8000    0.6000;
    0.2000    0.8000    0.8000;
    0.2000    0.8000    1.0000;
    0.2000    1.0000         0;
    0.2000    1.0000    0.2000;
    0.2000    1.0000    0.4000;
    0.2000    1.0000    0.6000;
    0.2000    1.0000    0.8000;
    0.2000    1.0000    1.0000;
    0.4000         0         0;
    0.4000         0    0.2000;
    0.4000         0    0.4000;
    0.4000         0    0.6000;
    0.4000         0    0.8000;
    0.4000         0    1.0000;
    0.4000    0.2000         0;
    0.4000    0.2000    0.2000;
    0.4000    0.2000    0.4000;
    0.4000    0.2000    0.6000;
    0.4000    0.2000    0.8000;
    0.4000    0.2000    1.0000;
    0.4000    0.4000         0;
    0.4000    0.4000    0.2000;
    0.4000    0.4000    0.4000;
    0.4000    0.4000    0.6000;
    0.4000    0.4000    0.8000;
    0.4000    0.4000    1.0000;
    0.4000    0.6000         0;
    0.4000    0.6000    0.2000;
    0.4000    0.6000    0.4000;
    0.4000    0.6000    0.6000;
    0.4000    0.6000    0.8000;
    0.4000    0.6000    1.0000;
    0.4000    0.8000         0;
    0.4000    0.8000    0.2000;
    0.4000    0.8000    0.4000;
    0.4000    0.8000    0.6000;
    0.4000    0.8000    0.8000;
    0.4000    0.8000    1.0000;
    0.4000    1.0000         0;
    0.4000    1.0000    0.2000;
    0.4000    1.0000    0.4000;
    0.4000    1.0000    0.6000;
    0.4000    1.0000    0.8000;
    0.4000    1.0000    1.0000;
    0.6000         0         0;
    0.6000         0    0.2000;
    0.6000         0    0.4000;
    0.6000         0    0.6000;
    0.6000         0    0.8000;
    0.6000         0    1.0000;
    0.6000    0.2000         0;
    0.6000    0.2000    0.2000;
    0.6000    0.2000    0.4000;
    0.6000    0.2000    0.6000;
    0.6000    0.2000    0.8000;
    0.6000    0.2000    1.0000;
    0.6000    0.4000         0;
    0.6000    0.4000    0.2000;
    0.6000    0.4000    0.4000;
    0.6000    0.4000    0.6000;
    0.6000    0.4000    0.8000;
    0.6000    0.4000    1.0000;
    0.6000    0.6000         0;
    0.6000    0.6000    0.2000;
    0.6000    0.6000    0.4000;
    0.6000    0.6000    0.6000;
    0.6000    0.6000    0.8000;
    0.6000    0.6000    1.0000;
    0.6000    0.8000         0;
    0.6000    0.8000    0.2000;
    0.6000    0.8000    0.4000;
    0.6000    0.8000    0.6000;
    0.6000    0.8000    0.8000;
    0.6000    0.8000    1.0000;
    0.6000    1.0000         0;
    0.6000    1.0000    0.2000;
    0.6000    1.0000    0.4000;
    0.6000    1.0000    0.6000;
    0.6000    1.0000    0.8000;
    0.6000    1.0000    1.0000;
    0.8000         0         0;
    0.8000         0    0.2000;
    0.8000         0    0.4000;
    0.8000         0    0.6000;
    0.8000         0    0.8000;
    0.8000         0    1.0000;
    0.8000    0.2000         0;
    0.8000    0.2000    0.2000;
    0.8000    0.2000    0.4000;
    0.8000    0.2000    0.6000;
    0.8000    0.2000    0.8000;
    0.8000    0.2000    1.0000;
    0.8000    0.4000         0;
    0.8000    0.4000    0.2000;
    0.8000    0.4000    0.4000;
    0.8000    0.4000    0.6000;
    0.8000    0.4000    0.8000;
    0.8000    0.4000    1.0000;
    0.8000    0.6000         0;
    0.8000    0.6000    0.2000;
    0.8000    0.6000    0.4000;
    0.8000    0.6000    0.6000;
    0.8000    0.6000    0.8000;
    0.8000    0.6000    1.0000;
    0.8000    0.8000         0;
    0.8000    0.8000    0.2000;
    0.8000    0.8000    0.4000;
    0.8000    0.8000    0.6000;
    0.8000    0.8000    0.8000;
    0.8000    0.8000    1.0000;
    0.8000    1.0000         0;
    0.8000    1.0000    0.2000;
