function jImage = configIcon()
I = uint8( ...
  [0 0 0 0 0 0 29 50 68 0 0 0 0 0 0;
   0 0 0 0 0 0 83 34 39 0 0 0 0 0 0;
   0 0 40 23 11 25 6 8 32 58 16 25 39 0 0;
   0 0 23 15 51 6 8 32 12 31 139 65 16 165 0;
   0 0 8 51 48 9 13 12 10 85 65 16 88 0 0;
   0 0 64 6 9 13 42 33 39 90 30 44 138 0 0;
   84 82 76 9 13 29 0 0 0 25 23 7 34 27 59;
   114 17 9 13 11 140 0 0 0 141 7 34 3 4 82;
   110 39 5 11 10 29 0 0 0 15 7 3 4 45 29;
   0 0 82 10 25 26 57 26 15 5 3 4 88 0 0;
   0 0 39 65 21 30 23 43 34 3 4 12 32 0 0;
   0 71 49 21 16 44 7 1 3 4 12 10 41 0 0;
   0 0 69 40 33 154 1 3 5 46 128 41 59 0 0;
   0 0 0 121 0 0 1 4 42 0 0 0 0 0 0;
   0 2 22 35 28 52 60 5 101 52 28 35 22 0 0]);

map = ...
  [1 1 1;
   0.596078431372549 0.81568627450980391 0.8784313725490196;
   0.9882352941176471 0.9882352941176471 0.9882352941176471;
   0.62745098039215685 0.81568627450980391 0.8784313725490196;
   0.6588235294117647 0.84705882352941175 0.90980392156862744;
   0.69019607843137254 0.84705882352941175 0.90980392156862744;
   0.611764705882353 0.78431372549019607 0.86274509803921573;
   0.56470588235294117 0.78431372549019607 0.8784313725490196;
   0.64313725490196083 0.8 0.8784313725490196;
   0.6588235294117647 0.81568627450980391 0.8784313725490196;
   0.75294117647058822 0.8784313725490196 0.90980392156862744;
   0.72156862745098038 0.84705882352941175 0.90980392156862744;
   0.70588235294117652 0.84705882352941175 0.90980392156862744;
   0.69019607843137254 0.81568627450980391 0.89411764705882357;
   0.37647058823529411 0.6588235294117647 0.81568627450980391;
   0.53333333333333333 0.75294117647058822 0.84705882352941175;
   0.47058823529411764 0.72156862745098038 0.84705882352941175;
   0.62745098039215685 0.8 0.8784313725490196;
   0.4392156862745098 0.69019607843137254 0.81568627450980391;
   0.7686274509803922 0.8784313725490196 0.92549019607843142;
   0.6588235294117647 0.81568627450980391 0.89411764705882357;
   0.40784313725490196 0.67450980392156867 0.81568627450980391;
   0.97254901960784312 0.97254901960784312 0.97254901960784312;
   0.50196078431372548 0.72156862745098038 0.84705882352941175;
   0.596078431372549 0.78431372549019607 0.86274509803921573;
   0.31372549019607843 0.62745098039215685 0.78431372549019607;
   0.56470588235294117 0.75294117647058822 0.84705882352941175;
   0.40784313725490196 0.69019607843137254 0.81568627450980391;
   0.90980392156862744 0.90980392156862744 0.90980392156862744;
   0.15686274509803921 0.53333333333333333 0.72156862745098038;
   0.4392156862745098 0.69019607843137254 0.84705882352941175;
   0.73725490196078436 0.84705882352941175 0.90980392156862744;
   0.67450980392156867 0.81568627450980391 0.8784313725490196;
   0.12549019607843137 0.47058823529411764 0.6588235294117647;
   0.596078431372549 0.78431372549019607 0.8784313725490196;
   0.94117647058823528 0.94117647058823528 0.94117647058823528;
   0.6588235294117647 0.81568627450980391 0.90980392156862744;
   0.34509803921568627 0.64313725490196083 0.78431372549019607;
   0.72156862745098038 0.8784313725490196 0.90980392156862744;
   0.17254901960784313 0.5490196078431373 0.73725490196078436;
   0.47058823529411764 0.70588235294117652 0.83137254901960789;
   0.81568627450980391 0.90980392156862744 0.94117647058823528;
   0.14117647058823529 0.53333333333333333 0.72156862745098038;
   0.53333333333333333 0.78431372549019607 0.8784313725490196;
   0.50196078431372548 0.75294117647058822 0.84705882352941175;
   0.23529411764705882 0.58039215686274515 0.75294117647058822;
   0.062745098039215685 0.4392156862745098 0.62745098039215685;
   0.50196078431372548 0.72156862745098038 0.83137254901960789;
   0.611764705882353 0.8 0.8784313725490196;
   0.34509803921568627 0.62745098039215685 0.78431372549019607;
   0.596078431372549 0.7686274509803922 0.86274509803921573;
   0.58039215686274515 0.7686274509803922 0.86274509803921573;
   0.8784313725490196 0.8784313725490196 0.8784313725490196;
   0.78431372549019607 0.90980392156862744 0.94117647058823528;
   0.5490196078431373 0.75294117647058822 0.84705882352941175;
   0.95686274509803926 0.97254901960784312 0.97254901960784312;
   0.37647058823529411 0.6588235294117647 0.8;
   0.2196078431372549 0.56470588235294117 0.75294117647058822;
   0.84705882352941175 0.90980392156862744 0.94117647058823528;
   0.12549019607843137 0.51764705882352946 0.72156862745098038;
   0.34509803921568627 0.6588235294117647 0.81568627450980391;
   0.78431372549019607 0.8784313725490196 0.90980392156862744;
   0.0784313725490196 0.48627450980392156 0.70588235294117652;
   0.0784313725490196 0.50196078431372548 0.70588235294117652;
   0.20392156862745098 0.56470588235294117 0.75294117647058822;
   0.40784313725490196 0.6588235294117647 0.81568627450980391;
   0.15686274509803921 0.50196078431372548 0.69019607843137254;
   0.12549019607843137 0.50196078431372548 0.69019607843137254;
   0.14117647058823529 0.51764705882352946 0.70588235294117652;
   0.26666666666666666 0.596078431372549 0.7686274509803922;
   0.15686274509803921 0.50196078431372548 0.6588235294117647;
   0.78431372549019607 0.8784313725490196 0.94117647058823528;
   0.90980392156862744 0.94117647058823528 0.97254901960784312;
   0.25098039215686274 0.596078431372549 0.75294117647058822;
   0.094117647058823528 0.45490196078431372 0.64313725490196083;
   0.28235294117647058 0.611764705882353 0.7686274509803922;
   0.62745098039215685 0.78431372549019607 0.8784313725490196;
   0.18823529411764706 0.56470588235294117 0.75294117647058822;
   0.10980392156862745 0.51764705882352946 0.70588235294117652;
   0.094117647058823528 0.50196078431372548 0.70588235294117652;
   0.12549019607843137 0.53333333333333333 0.72156862745098038;
   0.15686274509803921 0.53333333333333333 0.73725490196078436;
   0.56470588235294117 0.7686274509803922 0.86274509803921573;
   0.51764705882352946 0.72156862745098038 0.83137254901960789;
   0.18823529411764706 0.5490196078431373 0.73725490196078436;
   0.29803921568627451 0.611764705882353 0.7686274509803922;
   0.39215686274509803 0.6588235294117647 0.8;
   0.10980392156862745 0.45490196078431372 0.64313725490196083;
   0.0784313725490196 0.45490196078431372 0.64313725490196083;
   0.062745098039215685 0.48627450980392156 0.69019607843137254;
   0.53333333333333333 0.72156862745098038 0.84705882352941175;
   0.58039215686274515 0.75294117647058822 0.84705882352941175;
   0.90980392156862744 0.94117647058823528 0.94117647058823528;
   0.8784313725490196 0.94117647058823528 0.95686274509803926;
   0.83137254901960789 0.89411764705882357 0.92549019607843142;
   0.50196078431372548 0.69019607843137254 0.8;
   0.58039215686274515 0.78431372549019607 0.86274509803921573;
   0.094117647058823528 0.50196078431372548 0.72156862745098038;
   0.81568627450980391 0.8784313725490196 0.90980392156862744;
   0.40784313725490196 0.67450980392156867 0.8;
   0.94117647058823528 0.95686274509803926 0.97254901960784312;
   0.094117647058823528 0.47058823529411764 0.6588235294117647;
   0.81568627450980391 0.8784313725490196 0.94117647058823528;
   0.047058823529411764 0.48627450980392156 0.69019607843137254;
   0.28235294117647058 0.62745098039215685 0.78431372549019607;
   0.094117647058823528 0.4392156862745098 0.62745098039215685;
   0.47058823529411764 0.69019607843137254 0.78431372549019607;
   0.86274509803921573 0.92549019607843142 0.95686274509803926;
   0.75294117647058822 0.84705882352941175 0.90980392156862744;
   0.25098039215686274 0.5490196078431373 0.70588235294117652;
   0.10980392156862745 0.50196078431372548 0.69019607843137254;
   0.45490196078431372 0.69019607843137254 0.81568627450980391;
   0.2196078431372549 0.53333333333333333 0.69019607843137254;
   0.5490196078431373 0.73725490196078436 0.84705882352941175;
   0.611764705882353 0.78431372549019607 0.8784313725490196;
   0.094117647058823528 0.50196078431372548 0.69019607843137254;
   0.70588235294117652 0.81568627450980391 0.8784313725490196;
